0 0 0 300 204 0 255 100 floor1
0 300 200 300 204 0 255 100 floor1
200 300 200 1000 204 0 255 100 floor1
200 1000 0 1000 204 0 255 100 floor1
0 1000 0 2000 204 0 255 100 floor1
0 2000 500 2000 204 0 255 100 floor1
500 2000 500 1700 204 0 255 100 floor1
500 1700 1500 1700 204 0 255 100 floor1
1500 1700 1500 2000 204 0 255 100 floor1
1500 2000 2000 2000 204 0 255 100 floor1
2000 2000 2000 1700 204 0 255 100 floor1
2000 1700 1800 1000 204 0 255 100 floor1
1800 1000 2000 1000 204 0 255 100 floor1
2000 1000 2000 0 204 0 255 100 floor1
2000 0 1600 0 204 0 255	 100 floor1
1600 0 1600 300 204 0 255 100 4floor1
1600 300 500 300 204 0 255 100 floor1
500 300 500 0 204 0 255 100 floor1
500 0 0 0 204 0 255 100 floor1

400 500 400 1000 0 255 187 100 floor2
400 1000 600 1000 0 255 187 100 floor2
600 1000 600 700 0 255 187 100 floor2
600 700 900 700 0 255 187 100 floor2
900 700 900 500 0 255 187 100 floor2
900 500 400 500 0 255 187 100 floor2

1000 500 1000 900 0 255 187 100 floor2
1000 900 1400 900 0 255 187 100 floor2
1400 900 1400 500 0 255 187 100 floor2
1400 500 1000 500 0 255 187 100 floor2

1600 400 1600 800 0 255 187 100 floor2
1600 800 1800 800 0 255 187 100 floor2
1800 800 1800 400 0 255 187 100 floor2
1800 400 1600 400 0 255 187 100 floor2

1700 300 1900 300 0 255 187 100 floor2
1900 300 1900 100 0 255 187 100 floor2
1900 100 1700 100 0 255 187 100 floor2
1700 100 1700 300 0 255 187 100 floor2

100 1900 300 1900 0 255 187 100 floor2
300 1900 300 1700 0 255 187 100 floor2
300 1700 100 1700 0 255 187 100 floor2
100 1700 100 1900 0 255 187 100 floor2

200 1600 400 1600 0 255 187 100 floor2
400 1600 400 1200 0 255 187 100 floor2
400 1200 200 1200 0 255 187 100 floor2
200 1200 200 1600 0 255 187 100 floor2

600 1500 1000 1500 0 255 187 100 floor2
1000 1500 1000 1100 0 255 187 100 floor2
1000 1100 600 1100 0 255 187 100 floor2
600 1100 600 1500 0 255 187 100 floor2
 
1100 1500 1600 1500 0 255 187 100 floor2
1600 1500 1600 1000 0 255 187 100 floor2
1600 1000 1400 1000 0 255 187 100 floor2
1400 1000 1400 1300 0 255 187 100 floor2
1400 1300 1100 1300 0 255 187 100 floor2
1100 1300 1100 1500 0 255 187 100 floor2




























