500 0 500 700 1 1 1 100 wall2
500 700 700 700 1 1 1 100 wall2 
700 700 700 800 1 1 1 100 wall2
700 800 500 800 1 1 1 100 wall2
500 800 500 1300 1 1 1 100 wall2
500 1300 700 1300 1 1 1 100 wall2
700 1300 700 1500 1 1 1 100 wall2
700 1500 500 1500 1 1 1 100 wall2
500 1500 500 1600 1 1 1 100 wall2
500 1600 400 1600 1 1 1 100 wall2
400 1600 400 1700 1 1 1 100 wall2
400 1700 0 1700 1 1 1 100 wall2
0 1700 0 2000 1 1 1 100 wall2
0 2000 400 2000 1 1 1 100 wall2
400 2000 400 1900 1 1 1 100 wall2
400 1900 800 1900 1 1 1 100 wall2
800 1900 800 2000 1 1 1 100 wall2
800 2000 1600 2000 1 1 1 100 wall2
1600 2000 1600 1300 1 1 1 100 wall2
1600 1300 1400 1300 1 1 1 100 wall2
1400 1300 1400 1200 1 1 1 100 wall2
1400 1200 1600 1200 1 1 1 100 wall2
1600 1200 1600 700 1 1 1 100 wall2
1600 700 1400 700 1 1 1 100 wall2
1400 700 1400 500 1 1 1 100 wall2
1400 500 1600 500 1 1 1 100 wall2
1600 500 1600 400 1 1 1 100 wall2
1600 400 1700 400 1 1 1 100 wall2
1700 400 1700 300 1 1 1 100 wall2
1700 300 2000 300 1 1 1 100 wall2 
2000 300 2000 0 1 1 1 100 wall2
2000 0 1600 0 1 1 1 100 wall2
1600 0 1600 100 1 1 1 100 wall2
1600 100 1200 100 1 1 1 100 wall2
1200 100 1200 0 1 1 1 100 wall2
1200 0 500 0 1 1 1 100 wall2

600 300 900 300 1 1 1 100 wall2
900 300 900 100 1 1 1 100 wall2
900 100 600 100 1 1 1 100 wall2
600 100 600 300 1 1 1 100 wall2

700 600 800 600 1 1 1 100 wall2
800 600 800 500 1 1 1 100 wall2
800 500 700 500 1 1 1 100 wall2
700 500 700 600 1 1 1 100 wall2

1200 1900 1500 1900 1 1 1 100 wall2
1500 1900 1500 1700 1 1 1 100 wall2
1500 1700 1200 1700 1 1 1 100 wall2
1200 1700 1200 1900 1 1 1 100 wall2

1300 1500 1400 1500 1 1 1 100 wall2
1400 1500 1400 1400 1 1 1 100 wall2
1400 1400 1300 1400 1 1 1 100 wall2
1300 1400 1300 1500 1 1 1 100 wall2

900 1600 1200 1600 1 1 1 100 wall3
1200 1600 1200 1000 1 1 1 100 wall3
1200 1000 1400 1000 1 1 1 100 wall3
1400 1000 1400 900 1 1 1 100 wall3
1400 900 1200 900 1 1 1 100 wall3
1200 900 1200 400 1 1 1 100 wall3
1200 400 900 400 1 1 1 100 wall3
900 400 900 1000 1 1 1 100 wall3
900 1000 700 1000 1 1 1 100 wall3
700 1000 700 1100 1 1 1 100 wall3
700 1100 900 1100 1 1 1 100 wall3
900 1100 900 1600 1 1 1 100 wall3
































